1)257
2)0
3)0
4)0

1)257
2)19599
3)16768
4)17889

1)0
2)0
3)0
4)0

1)0
2)0
3)0
4)0

1)0
2)0
3)0
4)0

1)0
2)0
3)0
4)0

1)0
2)0
3)0
4)0

1)0
2)0
3)0
4)0

1)0
2)0
3)0
4)0

1)0
2)0
3)0
4)0

1)0
2)0
3)0
4)0

1)0
2)0
3)0
4)0

1)0
2)0
3)0
4)0

1)0
2)0
3)0
4)0

1)0
2)0
3)0
4)0

1)0
2)0
3)0
4)0

1)0
2)0
3)0
4)0

1)0
2)0
3)0
4)0

1)0
2)0
3)0
4)0

1)0
2)0
3)0
4)0

1)0
2)0
3)0
4)0

1)0
2)0
3)0
4)0

1)0
2)0
3)0
4)0

1)0
2)0
3)0
4)0

1)0
2)0
3)0
4)0

1)0
2)0
3)0
4)0

1)0
2)0
3)0
4)0

1)0
2)0
3)0
4)0

1)0
2)0
3)0
4)0

1)0
2)0
3)0
4)0

1)0
2)0
3)0
4)0

1)0
2)0
3)0
4)0

1)0
2)0
3)0
4)0

1)0
2)0
3)0
4)0

1)0
2)0
3)0
4)0

1)0
2)0
3)0
4)0

1)0
2)0
3)0
4)0

1)0
2)0
3)0
4)0

1)0
2)0
3)0
4)0

1)0
2)0
3)0
4)0

1)0
2)0
3)0
4)0

1)0
2)0
3)0
4)0

1)0
2)0
3)0
4)0

1)0
2)0
3)0
4)0

1)0
2)0
3)0
4)0

1)0
2)0
3)0
4)0

1)0
2)0
3)0
4)0

1)0
2)0
3)0
4)0

1)0
2)0
3)0
4)0

1)0
2)0
3)0
4)0

1)0
2)0
3)0
4)0

1)0
2)0
3)0
4)0

1)0
2)0
3)0
4)0

1)0
2)0
3)0
4)0

1)0
2)0
3)0
4)0

1)0
2)0
3)0
4)0

1)0
2)0
3)0
4)0

1)0
2)0
3)0
4)0

1)0
2)0
3)0
4)0

1)0
2)0
3)0
4)0

1)0
2)0
3)0
4)0

1)0
2)0
3)0
4)0

1)0
2)0
3)0
4)0

1)0
2)0
3)0
4)0

1)0
2)0
3)0
4)0

1)0
2)0
3)0
4)0

1)0
2)0
3)0
4)0

1)19229
2)16497
3)17647
4)17369

1)19226
2)16494
3)17629
4)17358

1)19211
2)16468
3)17614
4)17347

1)19215
2)16475
3)17644
4)17354

1)19211
2)16479
3)17629
4)17362

1)19211
2)16453
3)17636
4)17354

1)19233
2)16468
3)17633
4)17343

1)19207
2)16475
3)17629
4)17347

1)19193
2)16486
3)17633
4)17332

1)19193
2)16472
3)17644
4)17336

1)19193
2)16472
3)17633
4)17347

1)19204
2)16479
3)17629
4)17340

1)19189
2)16461
3)17625
4)17318

1)19211
2)16461
3)17603
4)17332

1)19204
2)16464
3)17603
4)17314

1)19185
2)16472
3)17618
4)17318

1)19200
2)16435
3)17614
4)17318

1)19163
2)16450
3)17600
4)17321

1)19171
2)16439
3)17559
4)17292

1)19171
2)16450
3)17581
4)17314

1)19163
2)16453
3)17607
4)17321

1)19160
2)16446
3)17570
4)17296

1)19145
2)16406
3)17589
4)17303

1)19163
2)16428
3)17589
4)17310

1)19149
2)16424
3)17578
4)17274

1)19156
2)16417
3)17556
4)17285

1)19123
2)16420
3)17567
4)17274

1)19141
2)16420
3)17548
4)17292

1)19138
2)16413
3)17541
4)17259

1)19138
2)16380
3)17570
4)17266

1)19134
2)16420
3)17559
4)17281

1)19130
2)16387
3)17552
4)17288

1)19134
2)16387
3)17526
4)17259

1)19123
2)16409
3)17556
4)17248

1)19127
2)16413
3)17552
4)17274

1)19127
2)16380
3)17559
4)17266

1)19108
2)16376
3)17537
4)17230

1)19119
2)16391
3)17545
4)17252

1)19112
2)16351
3)17515
4)17237

1)19094
2)16354
3)17512
4)17248

1)19108
2)16387
3)17512
4)17244

1)19094
2)16387
3)17497
4)17215

1)19094
2)16387
3)17486
4)17226

1)19101
2)16347
3)17504
4)17208

1)19097
2)16336
3)17482
4)17226

1)19079
2)16369
3)17490
4)17197

1)19101
2)16365
3)17508
4)17226

1)19083
2)16365
3)17453
4)17222

1)19072
2)16365
3)17504
4)17208

1)19061
2)16358
3)17486
4)17204

1)19057
2)16358
3)17471
4)17197

1)0
2)0
3)0
4)0

1)18852
2)16208
3)17226
4)16966

1)18852
2)16223
3)17215
4)16962

1)18834
2)16223
3)17241
4)16955

1)18834
2)16190
3)17222
4)16970

1)18834
2)16149
3)17244
4)16984

1)0
2)0
3)0
4)0

1)18233
2)15721
3)16625
4)16424

1)18255
2)15699
3)16644
4)16413

1)18251
2)15736
3)16625
4)16413

1)18237
2)15717
3)16622
4)16402

1)0
2)0
3)0
4)0

1)18208
2)15692
3)16622
4)16373

1)18215
2)15692
3)16618
4)16384

1)18222
2)15692
3)16607
4)16376

1)18200
2)15706
3)16607
4)16376

1)18193
2)15692
3)16585
4)16351

1)18204
2)15677
3)16596
4)16362

1)18178
2)15677
3)16571
4)16336

1)18178
2)15659
3)16582
4)16325

1)18182
2)15692
3)16574
4)16325

1)18171
2)15655
3)16545
4)16333

1)18156
2)15637
3)16563
4)16333

1)18149
2)15644
3)16556
4)16314

1)18142
2)15618
3)16549
4)16311

1)18138
2)15637
3)16501
4)16296

1)18127
2)15622
3)16534
4)16296

1)18145
2)15633
3)16530
4)16274

1)18116
2)15589
3)16519
4)16285

1)18116
2)15611
3)16490
4)16289

1)18083
2)15607
3)16479
4)16281

1)18087
2)15582
3)16472
4)16248

1)18068
2)15593
3)16490
4)16263

1)18079
2)15600
3)16468
4)16259

1)0
2)0
3)0
4)0

1)17768
2)15369
3)16171
4)15992

1)17797
2)15329
3)16179
4)15955

1)17717
2)15314
3)16182
4)15955

1)17739
2)15322
3)16149
4)15937

1)17735
2)15318
3)16164
4)15933

1)17761
2)15314
3)16164
4)15915

1)17717
2)15340
3)16135
4)15919

1)0
2)0
3)0
4)0

1)0
2)0
3)0
4)0

1)0
2)0
3)0
4)0

1)10806
2)9627
3)9613
4)9532

1)10708
2)9488
3)9473
4)9415

1)10572
2)9367
3)9371
4)9301

1)10429
2)9257
3)9257
4)9221

1)10400
2)9184
3)9224
4)9144

1)10312
2)9180
3)9147
4)9093

1)0
2)0
3)9096
4)0

1)6459
2)5727
3)9096
4)6174

